(4.15262)
(6.41588)
(5.0571)
(8.04987)
(8.88375)
(3.11795)
(3.67553)
(8.5385)
(7.69363)
(7.69994)
(7.61507)
(2.36399)
(5.65395)
(1.57186)
(9.54625)
(9.69951)
(2.60103)
(5.53529)
(6.11869)
(5.27766)
(4.83599)
(4.37483)
(3.447)
(8.55498)
(1.2472)
(6.64083)
(2.10993)
(9.46962)
(7.59777)
(7.72494)
(1.12827)
(7.17533)
(2.81747)
(3.09186)
(2.44172)
(2.81774)
(5.19718)
(8.45912)
(4.3762)
(9.14579)
(7.28657)
(1.72347)
(7.2201)
(8.8096)
(1.38893)
(1.97699)
(3.68871)
(3.90735)
(9.63167)
(9.49599)
(1.65041)
(1.9432)
(9.27982)
(5.43284)
(5.58336)
(6.45653)
(4.42097)
(9.60146)
(2.18464)
(8.68572)
(3.87466)
(8.26191)
(9.10541)
(3.2833)
